# The unit of each TxPower value is 0.5dBm.
# 'x' means use efuse default value instead of from this table
# Channels in the table are treated as center channel.


# For Valhalla

# Caution
# These values are provisional.
# If a right values are decided, these are revised.

<Ver:02>

# GP:00

[00]
<cck,  c1, c2, c5, c11>
ch001, 36, 34, 34,  34
ch002, 36, 34, 34,  34
ch003, 36, 34, 34,  34
ch004, 36, 34, 34,  34
ch005, 36, 34, 34,  34
ch006, 36, 34, 34,  34
ch007, 36, 34, 34,  34
ch008, 36, 34, 34,  34
ch009, 36, 34, 34,  34
ch010, 36, 34, 34,  34
ch011, 36, 34, 34,  34
ch012, 36, 34, 34,  34
ch013, 36, 34, 34,  34
ch014, 36, 34, 34,  34
</cck>

<ofdm, o6, o9, o12, o18, o24, o36, o48, o54>
ch001, 36, 36,  34,  34,  32,  32,  30,  30
ch002, 36, 36,  34,  34,  32,  32,  30,  30
ch003, 36, 36,  34,  34,  32,  32,  30,  30
ch004, 36, 36,  34,  34,  32,  32,  30,  30
ch005, 36, 36,  34,  34,  32,  32,  30,  30
ch006, 36, 36,  34,  34,  32,  32,  30,  30
ch007, 36, 36,  34,  34,  32,  32,  30,  30
ch008, 36, 36,  34,  34,  32,  32,  30,  30
ch009, 36, 36,  34,  34,  32,  32,  30,  30
ch010, 36, 36,  34,  34,  32,  32,  30,  30
ch011, 36, 36,  34,  34,  32,  32,  30,  30
ch012, 36, 36,  34,  34,  32,  32,  30,  30
ch013, 36, 36,  34,  34,  32,  32,  30,  30
ch014, 36, 36,  34,  34,  32,  32,  30,  30
ch036, 35, 34,  33,  32,  31,  31,  30,  30
ch038, 35, 34,  33,  32,  31,  31,  30,  30
ch040, 35, 34,  33,  32,  31,  31,  30,  30
ch042, 35, 34,  33,  32,  31,  31,  30,  30
ch044, 35, 34,  33,  32,  31,  31,  30,  30
ch046, 35, 34,  33,  32,  31,  31,  30,  30
ch048, 35, 34,  33,  32,  31,  31,  30,  30
ch050, 35, 34,  33,  32,  31,  31,  30,  30
ch052, 35, 34,  33,  32,  31,  31,  30,  30
ch054, 35, 34,  33,  32,  31,  31,  30,  30
ch056, 35, 34,  33,  32,  31,  31,  30,  30
ch058, 35, 34,  33,  32,  31,  31,  30,  30
ch060, 35, 34,  33,  32,  31,  31,  30,  30
ch062, 35, 34,  33,  32,  31,  31,  30,  30
ch064, 35, 34,  33,  32,  31,  31,  30,  30
ch100, 35, 34,  33,  32,  31,  31,  30,  30
ch102, 35, 34,  33,  32,  31,  31,  30,  30
ch104, 35, 34,  33,  32,  31,  31,  30,  30
ch106, 35, 34,  33,  32,  31,  31,  30,  30
ch108, 35, 34,  33,  32,  31,  31,  30,  30
ch110, 35, 34,  33,  32,  31,  31,  30,  30
ch112, 35, 34,  33,  32,  31,  31,  30,  30
ch114, 35, 34,  33,  32,  31,  31,  30,  30
ch116, 35, 34,  33,  32,  31,  31,  30,  30
ch118, 35, 34,  33,  32,  31,  31,  30,  30
ch120, 35, 34,  33,  32,  31,  31,  30,  30
ch122, 35, 34,  33,  32,  31,  31,  30,  30
ch124, 35, 34,  33,  32,  31,  31,  30,  30
ch126, 35, 34,  33,  32,  31,  31,  30,  30
ch128, 35, 34,  33,  32,  31,  31,  30,  30
ch132, 35, 34,  33,  32,  31,  31,  30,  30
ch134, 35, 34,  33,  32,  31,  31,  30,  30
ch136, 35, 34,  33,  32,  31,  31,  30,  30
ch138, 35, 34,  33,  32,  31,  31,  30,  30
ch140, 35, 34,  33,  32,  31,  31,  30,  30
ch142, 35, 34,  33,  32,  31,  31,  30,  30
ch144, 35, 34,  33,  32,  31,  31,  30,  30
ch149, 35, 34,  33,  32,  31,  31,  30,  30
ch151, 35, 34,  33,  32,  31,  31,  30,  30
ch153, 35, 34,  33,  32,  31,  31,  30,  30
ch155, 35, 34,  33,  32,  31,  31,  30,  30
ch157, 35, 34,  33,  32,  31,  31,  30,  30
ch159, 35, 34,  33,  32,  31,  31,  30,  30
ch161, 35, 34,  33,  32,  31,  31,  30,  30
ch165, 35, 34,  33,  32,  31,  31,  30,  30
</ofdm>

<ht20, m0, m1, m2, m3, m4, m5, m6, m7>
ch001, 35, 34, 33, 33, 32, 32, 31, 30
ch002, 35, 34, 33, 33, 32, 32, 31, 30
ch003, 35, 34, 33, 33, 32, 32, 31, 30
ch004, 35, 34, 33, 33, 32, 32, 31, 30
ch005, 35, 34, 33, 33, 32, 32, 31, 30
ch006, 35, 34, 33, 33, 32, 32, 31, 30
ch007, 35, 34, 33, 33, 32, 32, 31, 30
ch008, 35, 34, 33, 33, 32, 32, 31, 30
ch009, 35, 34, 33, 33, 32, 32, 31, 30
ch010, 35, 34, 33, 33, 32, 32, 31, 30
ch011, 35, 34, 33, 33, 32, 32, 31, 30
ch012, 35, 34, 33, 33, 32, 32, 31, 30
ch013, 35, 34, 33, 33, 32, 32, 31, 30
ch014, 35, 34, 33, 33, 32, 32, 31, 30
ch036, 34, 34, 33, 33, 32, 32, 31, 30
ch038, 34, 34, 33, 33, 32, 32, 31, 30
ch040, 34, 34, 33, 33, 32, 32, 31, 30
ch042, 34, 34, 33, 33, 32, 32, 31, 30
ch044, 34, 34, 33, 33, 32, 32, 31, 30
ch046, 34, 34, 33, 33, 32, 32, 31, 30
ch048, 34, 34, 33, 33, 32, 32, 31, 30
ch050, 34, 34, 33, 33, 32, 32, 31, 30
ch052, 34, 34, 33, 33, 32, 32, 31, 30
ch054, 34, 34, 33, 33, 32, 32, 31, 30
ch056, 34, 34, 33, 33, 32, 32, 31, 30
ch058, 34, 34, 33, 33, 32, 32, 31, 30
ch060, 34, 34, 33, 33, 32, 32, 31, 30
ch062, 34, 34, 33, 33, 32, 32, 31, 30
ch064, 34, 34, 33, 33, 32, 32, 31, 30
ch100, 34, 34, 33, 33, 32, 32, 31, 30
ch102, 34, 34, 33, 33, 32, 32, 31, 30
ch104, 34, 34, 33, 33, 32, 32, 31, 30
ch106, 34, 34, 33, 33, 32, 32, 31, 30
ch108, 34, 34, 33, 33, 32, 32, 31, 30
ch110, 34, 34, 33, 33, 32, 32, 31, 30
ch112, 34, 34, 33, 33, 32, 32, 31, 30
ch114, 34, 34, 33, 33, 32, 32, 31, 30
ch116, 34, 34, 33, 33, 32, 32, 31, 30
ch118, 34, 34, 33, 33, 32, 32, 31, 30
ch120, 34, 34, 33, 33, 32, 32, 31, 30
ch122, 34, 34, 33, 33, 32, 32, 31, 30
ch124, 34, 34, 33, 33, 32, 32, 31, 30
ch126, 34, 34, 33, 33, 32, 32, 31, 30
ch128, 34, 34, 33, 33, 32, 32, 31, 30
ch132, 34, 34, 33, 33, 32, 32, 31, 30
ch134, 34, 34, 33, 33, 32, 32, 31, 30
ch136, 34, 34, 33, 33, 32, 32, 31, 30
ch138, 34, 34, 33, 33, 32, 32, 31, 30
ch140, 34, 34, 33, 33, 32, 32, 31, 30
ch142, 34, 34, 33, 33, 32, 32, 31, 30
ch144, 34, 34, 33, 33, 32, 32, 31, 30
ch149, 34, 34, 33, 33, 32, 32, 31, 30
ch151, 34, 34, 33, 33, 32, 32, 31, 30
ch153, 34, 34, 33, 33, 32, 32, 31, 30
ch155, 34, 34, 33, 33, 32, 32, 31, 30
ch157, 34, 34, 33, 33, 32, 32, 31, 30
ch159, 34, 34, 33, 33, 32, 32, 31, 30
ch161, 34, 34, 33, 33, 32, 32, 31, 30
ch165, 34, 34, 33, 33, 32, 32, 31, 30
</ht20>

<ht40, m0, m1, m2, m3, m4, m5, m6, m7, m32>
ch038, 32, 32, 31, 31, 30, 30, 29, 28,  30
ch042, 32, 32, 31, 31, 30, 30, 29, 28,  30
ch046, 32, 32, 31, 31, 30, 30, 29, 28,  30
ch050, 32, 32, 31, 31, 30, 30, 29, 28,  30
ch054, 32, 32, 31, 31, 30, 30, 29, 28,  30
ch058, 32, 32, 31, 31, 30, 30, 29, 28,  30
ch062, 32, 32, 31, 31, 30, 30, 29, 28,  30
ch102, 32, 32, 31, 31, 30, 30, 29, 28,  30
ch106, 32, 32, 31, 31, 30, 30, 29, 28,  30
ch110, 32, 32, 31, 31, 30, 30, 29, 28,  30
ch114, 32, 32, 31, 31, 30, 30, 29, 28,  30
ch118, 32, 32, 31, 31, 30, 30, 29, 28,  30
ch122, 32, 32, 31, 31, 30, 30, 29, 28,  30
ch126, 32, 32, 31, 31, 30, 30, 29, 28,  30
ch134, 32, 32, 31, 31, 30, 30, 29, 28,  30
ch138, 32, 32, 31, 31, 30, 30, 29, 28,  30
ch142, 32, 32, 31, 31, 30, 30, 29, 28,  30
ch151, 32, 32, 31, 31, 30, 30, 29, 28,  30
ch155, 32, 32, 31, 31, 30, 30, 29, 28,  30
ch159, 32, 32, 31, 31, 30, 30, 29, 28,  30
</ht40>

<vht20, m0, m1, m2, m3, m4, m5, m6, m7, m8, m9>
ch001,  32, 32, 31, 31, 30, 30, 29, 29, 28, 28
ch002,  32, 32, 31, 31, 30, 30, 29, 29, 28, 28
ch003,  32, 32, 31, 31, 30, 30, 29, 29, 28, 28
ch004,  32, 32, 31, 31, 30, 30, 29, 29, 28, 28
ch005,  32, 32, 31, 31, 30, 30, 29, 29, 28, 28
ch006,  32, 32, 31, 31, 30, 30, 29, 29, 28, 28
ch007,  32, 32, 31, 31, 30, 30, 29, 29, 28, 28
ch008,  32, 32, 31, 31, 30, 30, 29, 29, 28, 28
ch009,  32, 32, 31, 31, 30, 30, 29, 29, 28, 28
ch010,  32, 32, 31, 31, 30, 30, 29, 29, 28, 28
ch011,  32, 32, 31, 31, 30, 30, 29, 29, 28, 28
ch012,  32, 32, 31, 31, 30, 30, 29, 29, 28, 28
ch013,  32, 32, 31, 31, 30, 30, 29, 29, 28, 28
ch014,  32, 32, 31, 31, 30, 30, 29, 29, 28, 28
ch036,  32, 32, 31, 31, 30, 30, 29, 29, 28, 28
ch038,  32, 32, 31, 31, 30, 30, 29, 29, 28, 28
ch040,  32, 32, 31, 31, 30, 30, 29, 29, 28, 28
ch042,  32, 32, 31, 31, 30, 30, 29, 29, 28, 28
ch044,  32, 32, 31, 31, 30, 30, 29, 29, 28, 28
ch046,  32, 32, 31, 31, 30, 30, 29, 29, 28, 28
ch048,  32, 32, 31, 31, 30, 30, 29, 29, 28, 28
ch050,  32, 32, 31, 31, 30, 30, 29, 29, 28, 28
ch052,  32, 32, 31, 31, 30, 30, 29, 29, 28, 28
ch054,  32, 32, 31, 31, 30, 30, 29, 29, 28, 28
ch056,  32, 32, 31, 31, 30, 30, 29, 29, 28, 28
ch058,  32, 32, 31, 31, 30, 30, 29, 29, 28, 28
ch060,  32, 32, 31, 31, 30, 30, 29, 29, 28, 28
ch062,  32, 32, 31, 31, 30, 30, 29, 29, 28, 28
ch064,  32, 32, 31, 31, 30, 30, 29, 29, 28, 28
ch100,  32, 32, 31, 31, 30, 30, 29, 29, 28, 28
ch102,  32, 32, 31, 31, 30, 30, 29, 29, 28, 28
ch104,  32, 32, 31, 31, 30, 30, 29, 29, 28, 28
ch106,  32, 32, 31, 31, 30, 30, 29, 29, 28, 28
ch108,  32, 32, 31, 31, 30, 30, 29, 29, 28, 28
ch110,  32, 32, 31, 31, 30, 30, 29, 29, 28, 28
ch112,  32, 32, 31, 31, 30, 30, 29, 29, 28, 28
ch114,  32, 32, 31, 31, 30, 30, 29, 29, 28, 28
ch116,  32, 32, 31, 31, 30, 30, 29, 29, 28, 28
ch118,  32, 32, 31, 31, 30, 30, 29, 29, 28, 28
ch120,  32, 32, 31, 31, 30, 30, 29, 29, 28, 28
ch122,  32, 32, 31, 31, 30, 30, 29, 29, 28, 28
ch124,  32, 32, 31, 31, 30, 30, 29, 29, 28, 28
ch126,  32, 32, 31, 31, 30, 30, 29, 29, 28, 28
ch128,  32, 32, 31, 31, 30, 30, 29, 29, 28, 28
ch132,  32, 32, 31, 31, 30, 30, 29, 29, 28, 28
ch134,  32, 32, 31, 31, 30, 30, 29, 29, 28, 28
ch136,  32, 32, 31, 31, 30, 30, 29, 29, 28, 28
ch138,  32, 32, 31, 31, 30, 30, 29, 29, 28, 28
ch140,  32, 32, 31, 31, 30, 30, 29, 29, 28, 28
ch142,  32, 32, 31, 31, 30, 30, 29, 29, 28, 28
ch144,  32, 32, 31, 31, 30, 30, 29, 29, 28, 28
ch149,  32, 32, 31, 31, 30, 30, 29, 29, 28, 28
ch151,  32, 32, 31, 31, 30, 30, 29, 29, 28, 28
ch153,  32, 32, 31, 31, 30, 30, 29, 29, 28, 28
ch155,  32, 32, 31, 31, 30, 30, 29, 29, 28, 28
ch157,  32, 32, 31, 31, 30, 30, 29, 29, 28, 28
ch159,  32, 32, 31, 31, 30, 30, 29, 29, 28, 28
ch161,  32, 32, 31, 31, 30, 30, 29, 29, 28, 28
ch165,  32, 32, 31, 31, 30, 30, 29, 29, 28, 28
</vht20>

<vht40, m0, m1, m2, m3, m4, m5, m6, m7, m8, m9>
ch038,  31, 31, 30, 30, 29, 29, 28, 28, 27, 26
ch042,  31, 31, 30, 30, 29, 29, 28, 28, 27, 26
ch046,  31, 31, 30, 30, 29, 29, 28, 28, 27, 26
ch050,  31, 31, 30, 30, 29, 29, 28, 28, 27, 26
ch054,  31, 31, 30, 30, 29, 29, 28, 28, 27, 26
ch058,  31, 31, 30, 30, 29, 29, 28, 28, 27, 26
ch062,  31, 31, 30, 30, 29, 29, 28, 28, 27, 26
ch102,  31, 31, 30, 30, 29, 29, 28, 28, 27, 26
ch106,  31, 31, 30, 30, 29, 29, 28, 28, 27, 26
ch110,  31, 31, 30, 30, 29, 29, 28, 28, 27, 26
ch114,  31, 31, 30, 30, 29, 29, 28, 28, 27, 26
ch118,  31, 31, 30, 30, 29, 29, 28, 28, 27, 26
ch122,  31, 31, 30, 30, 29, 29, 28, 28, 27, 26
ch126,  31, 31, 30, 30, 29, 29, 28, 28, 27, 26
ch134,  31, 31, 30, 30, 29, 29, 28, 28, 27, 26
ch138,  31, 31, 30, 30, 29, 29, 28, 28, 27, 26
ch142,  31, 31, 30, 30, 29, 29, 28, 28, 27, 26
ch151,  31, 31, 30, 30, 29, 29, 28, 28, 27, 26
ch155,  31, 31, 30, 30, 29, 29, 28, 28, 27, 26
ch159,  31, 31, 30, 30, 29, 29, 28, 28, 27, 26
</vht40>

<vht80, m0, m1, m2, m3, m4, m5, m6, m7, m8, m9>
ch042,  30, 30, 29, 29, 28, 28, 27, 27, 26, 25
ch050,  30, 30, 29, 29, 28, 28, 27, 27, 26, 25
ch058,  30, 30, 29, 29, 28, 28, 27, 27, 26, 25
ch106,  30, 30, 29, 29, 28, 28, 27, 27, 26, 25
ch114,  30, 30, 29, 29, 28, 28, 27, 27, 26, 25
ch122,  30, 30, 29, 29, 28, 28, 27, 27, 26, 25
ch138,  30, 30, 29, 29, 28, 28, 27, 27, 26, 25
ch155,  30, 30, 29, 29, 28, 28, 27, 27, 26, 25
</vht80>

<vht160, m0, m1, m2, m3, m4, m5, m6, m7, m8, m9>
ch050,   29, 29, 28, 28, 27, 27, 26, 26, 25, 24
ch114,   29, 29, 28, 28, 27, 27, 26, 26, 25, 24
</vht160>

<ru26, m0, m1, m2, m3, m4, m5, m6, m7, m8, m9, m10, m11>
ch001, 34, 34, 33, 33, 32, 32, 31, 31, 30, 30,  29,  28
ch002, 34, 34, 33, 33, 32, 32, 31, 31, 30, 30,  29,  28
ch003, 34, 34, 33, 33, 32, 32, 31, 31, 30, 30,  29,  28
ch004, 34, 34, 33, 33, 32, 32, 31, 31, 30, 30,  29,  28
ch005, 34, 34, 33, 33, 32, 32, 31, 31, 30, 30,  29,  28
ch006, 34, 34, 33, 33, 32, 32, 31, 31, 30, 30,  29,  28
ch007, 34, 34, 33, 33, 32, 32, 31, 31, 30, 30,  29,  28
ch008, 34, 34, 33, 33, 32, 32, 31, 31, 30, 30,  29,  28
ch009, 34, 34, 33, 33, 32, 32, 31, 31, 30, 30,  29,  28
ch010, 34, 34, 33, 33, 32, 32, 31, 31, 30, 30,  29,  28
ch011, 34, 34, 33, 33, 32, 32, 31, 31, 30, 30,  29,  28
ch012, 34, 34, 33, 33, 32, 32, 31, 31, 30, 30,  29,  28
ch013, 34, 34, 33, 33, 32, 32, 31, 31, 30, 30,  29,  28
ch014, 34, 34, 33, 33, 32, 32, 31, 31, 30, 30,  29,  28
ch036, 32, 32, 31, 31, 30, 30, 29, 29, 28, 28,  26,  26
ch038, 32, 32, 31, 31, 30, 30, 29, 29, 28, 28,  26,  26
ch040, 32, 32, 31, 31, 30, 30, 29, 29, 28, 28,  26,  26
ch042, 32, 32, 31, 31, 30, 30, 29, 29, 28, 28,  26,  26
ch044, 32, 32, 31, 31, 30, 30, 29, 29, 28, 28,  26,  26
ch046, 32, 32, 31, 31, 30, 30, 29, 29, 28, 28,  26,  26
ch048, 32, 32, 31, 31, 30, 30, 29, 29, 28, 28,  26,  26
ch050, 32, 32, 31, 31, 30, 30, 29, 29, 28, 28,  26,  26
ch052, 32, 32, 31, 31, 30, 30, 29, 29, 28, 28,  26,  26
ch054, 32, 32, 31, 31, 30, 30, 29, 29, 28, 28,  26,  26
ch056, 32, 32, 31, 31, 30, 30, 29, 29, 28, 28,  26,  26
ch058, 32, 32, 31, 31, 30, 30, 29, 29, 28, 28,  26,  26
ch060, 32, 32, 31, 31, 30, 30, 29, 29, 28, 28,  26,  26
ch062, 32, 32, 31, 31, 30, 30, 29, 29, 28, 28,  26,  26
ch064, 32, 32, 31, 31, 30, 30, 29, 29, 28, 28,  26,  26
ch100, 32, 32, 31, 31, 30, 30, 29, 29, 28, 28,  26,  26
ch102, 32, 32, 31, 31, 30, 30, 29, 29, 28, 28,  26,  26
ch104, 32, 32, 31, 31, 30, 30, 29, 29, 28, 28,  26,  26
ch106, 32, 32, 31, 31, 30, 30, 29, 29, 28, 28,  26,  26
ch108, 32, 32, 31, 31, 30, 30, 29, 29, 28, 28,  26,  26
ch110, 32, 32, 31, 31, 30, 30, 29, 29, 28, 28,  26,  26
ch112, 32, 32, 31, 31, 30, 30, 29, 29, 28, 28,  26,  26
ch114, 32, 32, 31, 31, 30, 30, 29, 29, 28, 28,  26,  26
ch116, 32, 32, 31, 31, 30, 30, 29, 29, 28, 28,  26,  26
ch118, 32, 32, 31, 31, 30, 30, 29, 29, 28, 28,  26,  26
ch120, 32, 32, 31, 31, 30, 30, 29, 29, 28, 28,  26,  26
ch122, 32, 32, 31, 31, 30, 30, 29, 29, 28, 28,  26,  26
ch124, 32, 32, 31, 31, 30, 30, 29, 29, 28, 28,  26,  26
ch126, 32, 32, 31, 31, 30, 30, 29, 29, 28, 28,  26,  26
ch128, 32, 32, 31, 31, 30, 30, 29, 29, 28, 28,  26,  26
ch132, 32, 32, 31, 31, 30, 30, 29, 29, 28, 28,  26,  26
ch134, 32, 32, 31, 31, 30, 30, 29, 29, 28, 28,  26,  26
ch136, 32, 32, 31, 31, 30, 30, 29, 29, 28, 28,  26,  26
ch138, 32, 32, 31, 31, 30, 30, 29, 29, 28, 28,  26,  26
ch140, 32, 32, 31, 31, 30, 30, 29, 29, 28, 28,  26,  26
ch142, 32, 32, 31, 31, 30, 30, 29, 29, 28, 28,  26,  26
ch144, 32, 32, 31, 31, 30, 30, 29, 29, 28, 28,  26,  26
ch149, 32, 32, 31, 31, 30, 30, 29, 29, 28, 28,  26,  26
ch151, 32, 32, 31, 31, 30, 30, 29, 29, 28, 28,  26,  26
ch153, 32, 32, 31, 31, 30, 30, 29, 29, 28, 28,  26,  26
ch155, 32, 32, 31, 31, 30, 30, 29, 29, 28, 28,  26,  26
ch157, 32, 32, 31, 31, 30, 30, 29, 29, 28, 28,  26,  26
ch159, 32, 32, 31, 31, 30, 30, 29, 29, 28, 28,  26,  26
ch161, 32, 32, 31, 31, 30, 30, 29, 29, 28, 28,  26,  26
ch165, 32, 32, 31, 31, 30, 30, 29, 29, 28, 28,  26,  26
</ru26>

<ru52, m0, m1, m2, m3, m4, m5, m6, m7, m8, m9, m10, m11>
ch001, 34, 34, 33, 33, 32, 32, 31, 31, 30, 30,  29,  28
ch002, 34, 34, 33, 33, 32, 32, 31, 31, 30, 30,  29,  28
ch003, 34, 34, 33, 33, 32, 32, 31, 31, 30, 30,  29,  28
ch004, 34, 34, 33, 33, 32, 32, 31, 31, 30, 30,  29,  28
ch005, 34, 34, 33, 33, 32, 32, 31, 31, 30, 30,  29,  28
ch006, 34, 34, 33, 33, 32, 32, 31, 31, 30, 30,  29,  28
ch007, 34, 34, 33, 33, 32, 32, 31, 31, 30, 30,  29,  28
ch008, 34, 34, 33, 33, 32, 32, 31, 31, 30, 30,  29,  28
ch009, 34, 34, 33, 33, 32, 32, 31, 31, 30, 30,  29,  28
ch010, 34, 34, 33, 33, 32, 32, 31, 31, 30, 30,  29,  28
ch011, 34, 34, 33, 33, 32, 32, 31, 31, 30, 30,  29,  28
ch012, 34, 34, 33, 33, 32, 32, 31, 31, 30, 30,  29,  28
ch013, 34, 34, 33, 33, 32, 32, 31, 31, 30, 30,  29,  28
ch014, 34, 34, 33, 33, 32, 32, 31, 31, 30, 30,  29,  28
ch036, 32, 32, 31, 31, 30, 30, 29, 29, 28, 28,  26,  26
ch038, 32, 32, 31, 31, 30, 30, 29, 29, 28, 28,  26,  26
ch040, 32, 32, 31, 31, 30, 30, 29, 29, 28, 28,  26,  26
ch042, 32, 32, 31, 31, 30, 30, 29, 29, 28, 28,  26,  26
ch044, 32, 32, 31, 31, 30, 30, 29, 29, 28, 28,  26,  26
ch046, 32, 32, 31, 31, 30, 30, 29, 29, 28, 28,  26,  26
ch048, 32, 32, 31, 31, 30, 30, 29, 29, 28, 28,  26,  26
ch050, 32, 32, 31, 31, 30, 30, 29, 29, 28, 28,  26,  26
ch052, 32, 32, 31, 31, 30, 30, 29, 29, 28, 28,  26,  26
ch054, 32, 32, 31, 31, 30, 30, 29, 29, 28, 28,  26,  26
ch056, 32, 32, 31, 31, 30, 30, 29, 29, 28, 28,  26,  26
ch058, 32, 32, 31, 31, 30, 30, 29, 29, 28, 28,  26,  26
ch060, 32, 32, 31, 31, 30, 30, 29, 29, 28, 28,  26,  26
ch062, 32, 32, 31, 31, 30, 30, 29, 29, 28, 28,  26,  26
ch064, 32, 32, 31, 31, 30, 30, 29, 29, 28, 28,  26,  26
ch100, 32, 32, 31, 31, 30, 30, 29, 29, 28, 28,  26,  26
ch102, 32, 32, 31, 31, 30, 30, 29, 29, 28, 28,  26,  26
ch104, 32, 32, 31, 31, 30, 30, 29, 29, 28, 28,  26,  26
ch106, 32, 32, 31, 31, 30, 30, 29, 29, 28, 28,  26,  26
ch108, 32, 32, 31, 31, 30, 30, 29, 29, 28, 28,  26,  26
ch110, 32, 32, 31, 31, 30, 30, 29, 29, 28, 28,  26,  26
ch112, 32, 32, 31, 31, 30, 30, 29, 29, 28, 28,  26,  26
ch114, 32, 32, 31, 31, 30, 30, 29, 29, 28, 28,  26,  26
ch116, 32, 32, 31, 31, 30, 30, 29, 29, 28, 28,  26,  26
ch118, 32, 32, 31, 31, 30, 30, 29, 29, 28, 28,  26,  26
ch120, 32, 32, 31, 31, 30, 30, 29, 29, 28, 28,  26,  26
ch122, 32, 32, 31, 31, 30, 30, 29, 29, 28, 28,  26,  26
ch124, 32, 32, 31, 31, 30, 30, 29, 29, 28, 28,  26,  26
ch126, 32, 32, 31, 31, 30, 30, 29, 29, 28, 28,  26,  26
ch128, 32, 32, 31, 31, 30, 30, 29, 29, 28, 28,  26,  26
ch132, 32, 32, 31, 31, 30, 30, 29, 29, 28, 28,  26,  26
ch134, 32, 32, 31, 31, 30, 30, 29, 29, 28, 28,  26,  26
ch136, 32, 32, 31, 31, 30, 30, 29, 29, 28, 28,  26,  26
ch138, 32, 32, 31, 31, 30, 30, 29, 29, 28, 28,  26,  26
ch140, 32, 32, 31, 31, 30, 30, 29, 29, 28, 28,  26,  26
ch142, 32, 32, 31, 31, 30, 30, 29, 29, 28, 28,  26,  26
ch144, 32, 32, 31, 31, 30, 30, 29, 29, 28, 28,  26,  26
ch149, 32, 32, 31, 31, 30, 30, 29, 29, 28, 28,  26,  26
ch151, 32, 32, 31, 31, 30, 30, 29, 29, 28, 28,  26,  26
ch153, 32, 32, 31, 31, 30, 30, 29, 29, 28, 28,  26,  26
ch155, 32, 32, 31, 31, 30, 30, 29, 29, 28, 28,  26,  26
ch157, 32, 32, 31, 31, 30, 30, 29, 29, 28, 28,  26,  26
ch159, 32, 32, 31, 31, 30, 30, 29, 29, 28, 28,  26,  26
ch161, 32, 32, 31, 31, 30, 30, 29, 29, 28, 28,  26,  26
ch165, 32, 32, 31, 31, 30, 30, 29, 29, 28, 28,  26,  26
</ru52>

<ru106, m0, m1, m2, m3, m4, m5, m6, m7, m8, m9, m10, m11>
ch001, 34, 34, 33, 33, 32, 32, 31, 31, 30, 30,  29,  28
ch002, 34, 34, 33, 33, 32, 32, 31, 31, 30, 30,  29,  28
ch003, 34, 34, 33, 33, 32, 32, 31, 31, 30, 30,  29,  28
ch004, 34, 34, 33, 33, 32, 32, 31, 31, 30, 30,  29,  28
ch005, 34, 34, 33, 33, 32, 32, 31, 31, 30, 30,  29,  28
ch006, 34, 34, 33, 33, 32, 32, 31, 31, 30, 30,  29,  28
ch007, 34, 34, 33, 33, 32, 32, 31, 31, 30, 30,  29,  28
ch008, 34, 34, 33, 33, 32, 32, 31, 31, 30, 30,  29,  28
ch009, 34, 34, 33, 33, 32, 32, 31, 31, 30, 30,  29,  28
ch010, 34, 34, 33, 33, 32, 32, 31, 31, 30, 30,  29,  28
ch011, 34, 34, 33, 33, 32, 32, 31, 31, 30, 30,  29,  28
ch012, 34, 34, 33, 33, 32, 32, 31, 31, 30, 30,  29,  28
ch013, 34, 34, 33, 33, 32, 32, 31, 31, 30, 30,  29,  28
ch014, 34, 34, 33, 33, 32, 32, 31, 31, 30, 30,  29,  28
ch036, 32, 32, 31, 31, 30, 30, 29, 29, 28, 28,  26,  26
ch038, 32, 32, 31, 31, 30, 30, 29, 29, 28, 28,  26,  26
ch040, 32, 32, 31, 31, 30, 30, 29, 29, 28, 28,  26,  26
ch042, 32, 32, 31, 31, 30, 30, 29, 29, 28, 28,  26,  26
ch044, 32, 32, 31, 31, 30, 30, 29, 29, 28, 28,  26,  26
ch046, 32, 32, 31, 31, 30, 30, 29, 29, 28, 28,  26,  26
ch048, 32, 32, 31, 31, 30, 30, 29, 29, 28, 28,  26,  26
ch050, 32, 32, 31, 31, 30, 30, 29, 29, 28, 28,  26,  26
ch052, 32, 32, 31, 31, 30, 30, 29, 29, 28, 28,  26,  26
ch054, 32, 32, 31, 31, 30, 30, 29, 29, 28, 28,  26,  26
ch056, 32, 32, 31, 31, 30, 30, 29, 29, 28, 28,  26,  26
ch058, 32, 32, 31, 31, 30, 30, 29, 29, 28, 28,  26,  26
ch060, 32, 32, 31, 31, 30, 30, 29, 29, 28, 28,  26,  26
ch062, 32, 32, 31, 31, 30, 30, 29, 29, 28, 28,  26,  26
ch064, 32, 32, 31, 31, 30, 30, 29, 29, 28, 28,  26,  26
ch100, 32, 32, 31, 31, 30, 30, 29, 29, 28, 28,  26,  26
ch102, 32, 32, 31, 31, 30, 30, 29, 29, 28, 28,  26,  26
ch104, 32, 32, 31, 31, 30, 30, 29, 29, 28, 28,  26,  26
ch106, 32, 32, 31, 31, 30, 30, 29, 29, 28, 28,  26,  26
ch108, 32, 32, 31, 31, 30, 30, 29, 29, 28, 28,  26,  26
ch110, 32, 32, 31, 31, 30, 30, 29, 29, 28, 28,  26,  26
ch112, 32, 32, 31, 31, 30, 30, 29, 29, 28, 28,  26,  26
ch114, 32, 32, 31, 31, 30, 30, 29, 29, 28, 28,  26,  26
ch116, 32, 32, 31, 31, 30, 30, 29, 29, 28, 28,  26,  26
ch118, 32, 32, 31, 31, 30, 30, 29, 29, 28, 28,  26,  26
ch120, 32, 32, 31, 31, 30, 30, 29, 29, 28, 28,  26,  26
ch122, 32, 32, 31, 31, 30, 30, 29, 29, 28, 28,  26,  26
ch124, 32, 32, 31, 31, 30, 30, 29, 29, 28, 28,  26,  26
ch126, 32, 32, 31, 31, 30, 30, 29, 29, 28, 28,  26,  26
ch128, 32, 32, 31, 31, 30, 30, 29, 29, 28, 28,  26,  26
ch132, 32, 32, 31, 31, 30, 30, 29, 29, 28, 28,  26,  26
ch134, 32, 32, 31, 31, 30, 30, 29, 29, 28, 28,  26,  26
ch136, 32, 32, 31, 31, 30, 30, 29, 29, 28, 28,  26,  26
ch138, 32, 32, 31, 31, 30, 30, 29, 29, 28, 28,  26,  26
ch140, 32, 32, 31, 31, 30, 30, 29, 29, 28, 28,  26,  26
ch142, 32, 32, 31, 31, 30, 30, 29, 29, 28, 28,  26,  26
ch144, 32, 32, 31, 31, 30, 30, 29, 29, 28, 28,  26,  26
ch149, 32, 32, 31, 31, 30, 30, 29, 29, 28, 28,  26,  26
ch151, 32, 32, 31, 31, 30, 30, 29, 29, 28, 28,  26,  26
ch153, 32, 32, 31, 31, 30, 30, 29, 29, 28, 28,  26,  26
ch155, 32, 32, 31, 31, 30, 30, 29, 29, 28, 28,  26,  26
ch157, 32, 32, 31, 31, 30, 30, 29, 29, 28, 28,  26,  26
ch159, 32, 32, 31, 31, 30, 30, 29, 29, 28, 28,  26,  26
ch161, 32, 32, 31, 31, 30, 30, 29, 29, 28, 28,  26,  26
ch165, 32, 32, 31, 31, 30, 30, 29, 29, 28, 28,  26,  26
</ru106>

<ru242, m0, m1, m2, m3, m4, m5, m6, m7, m8, m9, m10, m11>
ch001, 34, 34, 33, 33, 32, 32, 31, 31, 30, 30,  29,  28
ch002, 34, 34, 33, 33, 32, 32, 31, 31, 30, 30,  29,  28
ch003, 34, 34, 33, 33, 32, 32, 31, 31, 30, 30,  29,  28
ch004, 34, 34, 33, 33, 32, 32, 31, 31, 30, 30,  29,  28
ch005, 34, 34, 33, 33, 32, 32, 31, 31, 30, 30,  29,  28
ch006, 34, 34, 33, 33, 32, 32, 31, 31, 30, 30,  29,  28
ch007, 34, 34, 33, 33, 32, 32, 31, 31, 30, 30,  29,  28
ch008, 34, 34, 33, 33, 32, 32, 31, 31, 30, 30,  29,  28
ch009, 34, 34, 33, 33, 32, 32, 31, 31, 30, 30,  29,  28
ch010, 34, 34, 33, 33, 32, 32, 31, 31, 30, 30,  29,  28
ch011, 34, 34, 33, 33, 32, 32, 31, 31, 30, 30,  29,  28
ch012, 34, 34, 33, 33, 32, 32, 31, 31, 30, 30,  29,  28
ch013, 34, 34, 33, 33, 32, 32, 31, 31, 30, 30,  29,  28
ch014, 34, 34, 33, 33, 32, 32, 31, 31, 30, 30,  29,  28
ch036, 32, 32, 31, 31, 30, 30, 29, 29, 28, 28,  26,  26
ch038, 32, 32, 31, 31, 30, 30, 29, 29, 28, 28,  26,  26
ch040, 32, 32, 31, 31, 30, 30, 29, 29, 28, 28,  26,  26
ch042, 32, 32, 31, 31, 30, 30, 29, 29, 28, 28,  26,  26
ch044, 32, 32, 31, 31, 30, 30, 29, 29, 28, 28,  26,  26
ch046, 32, 32, 31, 31, 30, 30, 29, 29, 28, 28,  26,  26
ch048, 32, 32, 31, 31, 30, 30, 29, 29, 28, 28,  26,  26
ch050, 32, 32, 31, 31, 30, 30, 29, 29, 28, 28,  26,  26
ch052, 32, 32, 31, 31, 30, 30, 29, 29, 28, 28,  26,  26
ch054, 32, 32, 31, 31, 30, 30, 29, 29, 28, 28,  26,  26
ch056, 32, 32, 31, 31, 30, 30, 29, 29, 28, 28,  26,  26
ch058, 32, 32, 31, 31, 30, 30, 29, 29, 28, 28,  26,  26
ch060, 32, 32, 31, 31, 30, 30, 29, 29, 28, 28,  26,  26
ch062, 32, 32, 31, 31, 30, 30, 29, 29, 28, 28,  26,  26
ch064, 32, 32, 31, 31, 30, 30, 29, 29, 28, 28,  26,  26
ch100, 32, 32, 31, 31, 30, 30, 29, 29, 28, 28,  26,  26
ch102, 32, 32, 31, 31, 30, 30, 29, 29, 28, 28,  26,  26
ch104, 32, 32, 31, 31, 30, 30, 29, 29, 28, 28,  26,  26
ch106, 32, 32, 31, 31, 30, 30, 29, 29, 28, 28,  26,  26
ch108, 32, 32, 31, 31, 30, 30, 29, 29, 28, 28,  26,  26
ch110, 32, 32, 31, 31, 30, 30, 29, 29, 28, 28,  26,  26
ch112, 32, 32, 31, 31, 30, 30, 29, 29, 28, 28,  26,  26
ch114, 32, 32, 31, 31, 30, 30, 29, 29, 28, 28,  26,  26
ch116, 32, 32, 31, 31, 30, 30, 29, 29, 28, 28,  26,  26
ch118, 32, 32, 31, 31, 30, 30, 29, 29, 28, 28,  26,  26
ch120, 32, 32, 31, 31, 30, 30, 29, 29, 28, 28,  26,  26
ch122, 32, 32, 31, 31, 30, 30, 29, 29, 28, 28,  26,  26
ch124, 32, 32, 31, 31, 30, 30, 29, 29, 28, 28,  26,  26
ch126, 32, 32, 31, 31, 30, 30, 29, 29, 28, 28,  26,  26
ch128, 32, 32, 31, 31, 30, 30, 29, 29, 28, 28,  26,  26
ch132, 32, 32, 31, 31, 30, 30, 29, 29, 28, 28,  26,  26
ch134, 32, 32, 31, 31, 30, 30, 29, 29, 28, 28,  26,  26
ch136, 32, 32, 31, 31, 30, 30, 29, 29, 28, 28,  26,  26
ch138, 32, 32, 31, 31, 30, 30, 29, 29, 28, 28,  26,  26
ch140, 32, 32, 31, 31, 30, 30, 29, 29, 28, 28,  26,  26
ch142, 32, 32, 31, 31, 30, 30, 29, 29, 28, 28,  26,  26
ch144, 32, 32, 31, 31, 30, 30, 29, 29, 28, 28,  26,  26
ch149, 32, 32, 31, 31, 30, 30, 29, 29, 28, 28,  26,  26
ch151, 32, 32, 31, 31, 30, 30, 29, 29, 28, 28,  26,  26
ch153, 32, 32, 31, 31, 30, 30, 29, 29, 28, 28,  26,  26
ch155, 32, 32, 31, 31, 30, 30, 29, 29, 28, 28,  26,  26
ch157, 32, 32, 31, 31, 30, 30, 29, 29, 28, 28,  26,  26
ch159, 32, 32, 31, 31, 30, 30, 29, 29, 28, 28,  26,  26
ch161, 32, 32, 31, 31, 30, 30, 29, 29, 28, 28,  26,  26
ch165, 32, 32, 31, 31, 30, 30, 29, 29, 28, 28,  26,  26
</ru242>

<ru484, m0, m1, m2, m3, m4, m5, m6, m7, m8, m9, m10, m11>
ch038,  32, 32, 31, 31, 30, 30, 29, 29, 28, 28,  26,  26
ch042,  32, 32, 31, 31, 30, 30, 29, 29, 28, 28,  26,  26
ch046,  32, 32, 31, 31, 30, 30, 29, 29, 28, 28,  26,  26
ch050,  32, 32, 31, 31, 30, 30, 29, 29, 28, 28,  26,  26
ch054,  32, 32, 31, 31, 30, 30, 29, 29, 28, 28,  26,  26
ch058,  32, 32, 31, 31, 30, 30, 29, 29, 28, 28,  26,  26
ch062,  32, 32, 31, 31, 30, 30, 29, 29, 28, 28,  26,  26
ch102,  32, 32, 31, 31, 30, 30, 29, 29, 28, 28,  26,  26
ch106,  32, 32, 31, 31, 30, 30, 29, 29, 28, 28,  26,  26
ch110,  32, 32, 31, 31, 30, 30, 29, 29, 28, 28,  26,  26
ch114,  32, 32, 31, 31, 30, 30, 29, 29, 28, 28,  26,  26
ch118,  32, 32, 31, 31, 30, 30, 29, 29, 28, 28,  26,  26
ch122,  32, 32, 31, 31, 30, 30, 29, 29, 28, 28,  26,  26
ch126,  32, 32, 31, 31, 30, 30, 29, 29, 28, 28,  26,  26
ch134,  32, 32, 31, 31, 30, 30, 29, 29, 28, 28,  26,  26
ch138,  32, 32, 31, 31, 30, 30, 29, 29, 28, 28,  26,  26
ch142,  32, 32, 31, 31, 30, 30, 29, 29, 28, 28,  26,  26
ch151,  32, 32, 31, 31, 30, 30, 29, 29, 28, 28,  26,  26
ch155,  32, 32, 31, 31, 30, 30, 29, 29, 28, 28,  26,  26
ch159,  32, 32, 31, 31, 30, 30, 29, 29, 28, 28,  26,  26
</ru484>

<ru996, m0, m1, m2, m3, m4, m5, m6, m7, m8, m9, m10, m11>
ch042,  32, 32, 31, 31, 30, 30, 29, 29, 28, 28,  26,  26
ch050,  32, 32, 31, 31, 30, 30, 29, 29, 28, 28,  26,  26
ch058,  32, 32, 31, 31, 30, 30, 29, 29, 28, 28,  26,  26
ch106,  32, 32, 31, 31, 30, 30, 29, 29, 28, 28,  26,  26
ch114,  32, 32, 31, 31, 30, 30, 29, 29, 28, 28,  26,  26
ch122,  32, 32, 31, 31, 30, 30, 29, 29, 28, 28,  26,  26
ch138,  32, 32, 31, 31, 30, 30, 29, 29, 28, 28,  26,  26
ch155,  32, 32, 31, 31, 30, 30, 29, 29, 28, 28,  26,  26
</ru996>

<ru996x2, m0, m1, m2, m3, m4, m5, m6, m7, m8, m9, m10, m11>
ch050,  27, 27, 26, 26, 25, 25, 24, 24, 23, 23,  22,  22
ch114,  27, 27, 26, 26, 25, 25, 24, 24, 23, 23,  22,  22
</ru996x2>
